450 8169 
0 439 
0 71 
0 97 
0 442 
0 93 
0 319 
0 112 
0 18 
0 264 
0 290 
0 361 
0 207 
0 413 
0 251 
0 337 
0 378 
0 199 
0 161 
0 262 
0 138 
0 359 
0 145 
0 396 
0 122 
0 114 
0 170 
0 271 
0 147 
0 188 
0 94 
0 243 
0 269 
0 85 
0 441 
0 242 
0 238 
0 99 
0 425 
0 31 
0 42 
0 203 
0 214 
0 431 
0 292 
0 333 
0 344 
0 325 
0 96 
0 152 
0 163 
1 324 
1 12 
1 263 
1 429 
1 65 
1 102 
1 428 
1 239 
1 325 
1 6 
1 163 
1 54 
1 290 
1 192 
1 413 
1 354 
1 372 
1 368 
1 244 
1 210 
1 416 
1 187 
1 153 
1 374 
1 430 
1 351 
1 257 
1 73 
1 249 
1 275 
1 282 
1 113 
1 319 
1 360 
1 266 
1 67 
1 63 
1 119 
1 40 
1 216 
1 332 
1 223 
2 366 
2 133 
2 59 
2 355 
2 223 
2 179 
2 403 
2 254 
2 340 
2 313 
2 169 
2 60 
2 116 
2 217 
2 3 
2 74 
2 10 
2 21 
2 34 
2 135 
2 281 
2 367 
2 303 
2 44 
2 265 
2 141 
2 43 
3 337 
3 254 
3 424 
3 345 
3 161 
3 442 
3 169 
3 60 
3 116 
3 10 
3 21 
3 43 
3 364 
3 30 
3 281 
3 434 
3 25 
3 36 
3 287 
3 24 
3 53 
3 79 
3 131 
3 322 
3 234 
3 440 
3 132 
3 98 
3 34 
3 405 
3 114 
3 155 
3 166 
3 327 
3 338 
3 409 
3 75 
3 401 
3 97 
3 74 
3 370 
3 216 
3 62 
3 88 
3 144 
3 95 
3 31 
3 312 
3 323 
3 124 
3 300 
3 221 
3 217 
3 164 
3 445 
3 366 
3 182 
3 283 
4 68 
4 413 
4 189 
4 140 
4 151 
4 311 
4 22 
4 213 
4 399 
4 395 
4 181 
4 162 
4 293 
4 195 
4 146 
4 69 
4 215 
4 105 
4 161 
4 442 
4 363 
4 269 
4 250 
4 306 
4 227 
4 43 
4 114 
4 31 
4 402 
4 15 
4 266 
4 172 
4 243 
4 449 
4 310 
4 171 
4 392 
4 268 
4 54 
4 35 
4 436 
4 267 
4 188 
4 285 
4 206 
4 382 
4 48 
4 29 
4 340 
4 111 
4 167 
4 358 
4 339 
4 440 
4 121 
4 192 
4 398 
4 375 
4 371 
4 67 
4 333 
4 434 
4 130 
4 396 
4 122 
4 328 
5 264 
5 136 
5 406 
5 226 
5 249 
5 132 
5 173 
5 184 
5 345 
5 266 
5 82 
5 168 
5 129 
5 46 
5 312 
5 53 
5 364 
5 300 
5 401 
5 7 
5 198 
5 44 
5 160 
5 411 
5 317 
5 118 
6 430 
6 77 
6 340 
6 115 
6 449 
6 167 
6 88 
6 174 
6 215 
6 31 
6 402 
6 38 
6 239 
6 325 
6 54 
6 290 
6 192 
6 413 
6 204 
6 425 
6 301 
6 342 
6 428 
6 109 
6 15 
6 356 
6 52 
6 318 
6 329 
6 437 
6 388 
6 384 
6 110 
6 316 
6 177 
6 218 
6 394 
6 330 
6 341 
6 322 
6 183 
6 224 
6 220 
6 257 
6 163 
7 288 
7 56 
7 129 
7 46 
7 312 
7 53 
7 364 
7 300 
7 401 
7 44 
7 160 
7 411 
7 317 
7 118 
7 9 
7 260 
7 76 
7 252 
7 368 
7 154 
7 45 
7 296 
7 198 
7 329 
7 130 
7 111 
7 62 
7 358 
8 319 
8 267 
8 49 
8 229 
8 252 
8 354 
8 350 
8 136 
8 27 
8 174 
8 35 
8 166 
8 147 
9 350 
9 328 
9 299 
9 190 
9 81 
9 407 
9 170 
9 271 
9 147 
9 188 
9 44 
9 437 
9 118 
9 342 
9 428 
9 80 
9 286 
9 417 
9 244 
9 120 
9 86 
9 22 
9 123 
9 89 
9 295 
9 156 
9 17 
9 418 
9 436 
9 177 
9 38 
9 259 
9 315 
9 146 
9 427 
9 168 
9 29 
9 160 
9 231 
9 77 
9 103 
9 260 
9 76 
9 252 
9 368 
9 154 
9 45 
9 296 
9 198 
9 329 
9 130 
9 111 
9 62 
9 358 
10 272 
10 178 
10 404 
10 317 
10 118 
10 179 
10 403 
10 169 
10 60 
10 116 
10 217 
10 21 
10 43 
10 274 
10 150 
10 191 
10 277 
10 228 
10 74 
10 111 
10 77 
10 193 
10 259 
10 225 
10 71 
10 97 
10 273 
10 299 
10 201 
10 152 
10 253 
11 30 
11 322 
11 52 
11 45 
11 144 
11 95 
11 121 
11 117 
11 443 
11 214 
11 270 
11 232 
11 198 
11 134 
11 415 
11 171 
11 392 
11 358 
11 294 
11 305 
11 16 
11 207 
11 143 
11 334 
11 375 
11 412 
11 348 
11 269 
11 355 
11 126 
11 92 
11 118 
12 443 
12 324 
12 65 
12 99 
12 335 
12 226 
12 263 
12 249 
12 365 
12 331 
12 83 
12 19 
12 120 
12 86 
12 112 
12 18 
12 269 
12 175 
12 156 
12 287 
12 178 
13 294 
13 384 
13 204 
13 407 
13 374 
13 430 
13 261 
13 287 
13 114 
13 440 
13 211 
13 357 
13 259 
13 386 
13 82 
13 258 
13 194 
13 295 
13 246 
13 324 
13 425 
13 121 
13 207 
13 428 
13 124 
13 300 
13 221 
13 37 
13 318 
13 419 
13 205 
13 276 
13 302 
13 24 
13 61 
13 237 
13 263 
13 169 
13 150 
13 281 
13 262 
13 138 
13 179 
13 190 
13 351 
13 182 
13 369 
13 365 
13 241 
13 387 
13 203 
13 379 
13 45 
13 116 
13 412 
13 168 
13 29 
13 70 
13 336 
13 77 
14 378 
14 153 
14 33 
14 145 
14 216 
14 152 
14 433 
14 55 
14 321 
14 332 
14 223 
14 189 
14 230 
14 387 
14 23 
14 99 
14 335 
14 136 
14 117 
14 68 
14 184 
14 435 
14 416 
14 277 
14 48 
14 325 
14 186 
14 137 
14 238 
15 446 
15 397 
15 423 
15 86 
15 22 
15 213 
15 334 
15 442 
15 183 
15 39 
15 200 
15 211 
15 357 
15 353 
15 229 
15 176 
15 187 
15 78 
15 204 
15 425 
15 301 
15 342 
15 428 
15 109 
15 356 
15 52 
15 318 
15 329 
15 220 
15 437 
15 388 
15 114 
15 440 
15 31 
15 402 
15 398 
15 266 
15 172 
15 243 
15 449 
15 310 
15 171 
15 392 
15 268 
16 425 
16 234 
16 80 
16 53 
16 259 
16 225 
16 251 
16 427 
16 93 
16 36 
16 287 
16 268 
16 399 
16 413 
16 29 
16 250 
16 396 
16 122 
16 238 
16 38 
16 294 
16 305 
16 207 
16 143 
16 334 
16 375 
16 412 
16 348 
16 269 
16 355 
16 126 
16 92 
16 118 
16 204 
16 410 
16 297 
16 398 
16 364 
16 300 
16 401 
16 277 
16 333 
16 164 
16 175 
16 426 
16 242 
16 418 
17 381 
17 269 
17 70 
17 328 
17 299 
17 190 
17 261 
17 391 
17 57 
17 203 
17 80 
17 286 
17 417 
17 38 
17 244 
17 120 
17 86 
17 22 
17 123 
17 89 
17 295 
17 418 
17 264 
17 200 
17 211 
17 267 
17 368 
17 424 
17 75 
17 311 
17 202 
17 78 
17 134 
17 415 
17 156 
17 238 
18 449 
18 89 
18 337 
18 359 
18 319 
18 431 
18 219 
18 65 
18 271 
18 132 
18 199 
18 360 
18 101 
18 127 
18 249 
18 365 
18 331 
18 83 
18 19 
18 120 
18 86 
18 112 
18 269 
18 175 
18 156 
18 287 
18 178 
19 308 
19 188 
19 203 
19 300 
19 41 
19 442 
19 183 
19 356 
19 337 
19 198 
19 249 
19 365 
19 331 
19 83 
19 120 
19 86 
19 112 
19 269 
19 175 
19 156 
19 287 
19 178 
20 421 
20 264 
20 39 
20 387 
20 23 
20 284 
20 175 
20 246 
20 272 
20 178 
20 159 
20 61 
20 237 
20 83 
20 54 
20 241 
20 117 
20 173 
20 274 
20 315 
20 416 
20 112 
20 288 
20 279 
20 331 
20 372 
20 98 
20 214 
20 360 
20 356 
20 322 
20 363 
20 449 
20 310 
20 351 
20 437 
20 298 
20 384 
20 151 
20 312 
20 143 
20 64 
20 60 
20 116 
20 37 
20 303 
20 224 
20 40 
20 51 
20 392 
20 268 
21 59 
21 355 
21 223 
21 272 
21 178 
21 179 
21 403 
21 254 
21 340 
21 313 
21 169 
21 60 
21 116 
21 217 
21 74 
21 43 
21 289 
21 420 
21 221 
21 307 
21 348 
21 344 
21 130 
21 182 
21 373 
22 393 
22 431 
22 229 
22 189 
22 140 
22 151 
22 402 
22 398 
22 311 
22 213 
22 304 
22 255 
22 191 
22 303 
22 44 
22 265 
22 141 
22 182 
22 283 
22 309 
22 320 
22 391 
22 327 
22 248 
22 334 
22 195 
22 416 
22 33 
22 374 
22 70 
22 426 
22 407 
22 373 
22 80 
22 286 
22 417 
22 38 
22 244 
22 120 
22 86 
22 123 
22 89 
22 295 
22 156 
22 418 
23 42 
23 267 
23 264 
23 110 
23 159 
23 241 
23 414 
23 140 
23 421 
23 162 
23 55 
23 321 
23 332 
23 223 
23 189 
23 230 
23 136 
23 387 
24 358 
24 238 
24 343 
24 95 
24 31 
24 312 
24 53 
24 79 
24 75 
24 131 
24 322 
24 254 
24 70 
24 426 
24 227 
24 133 
24 275 
24 181 
24 342 
24 365 
24 61 
24 237 
24 263 
24 169 
24 150 
24 281 
24 262 
24 138 
24 179 
24 190 
24 351 
24 182 
25 216 
25 306 
25 317 
25 208 
25 209 
25 396 
25 122 
25 418 
25 421 
25 432 
25 413 
25 89 
25 126 
25 182 
25 193 
25 84 
25 140 
25 241 
25 297 
25 308 
25 364 
25 30 
25 281 
25 97 
25 434 
25 36 
25 287 
25 88 
26 270 
26 337 
26 45 
26 427 
26 67 
26 79 
26 165 
26 157 
26 48 
26 284 
26 355 
26 201 
26 137 
26 148 
27 278 
27 241 
27 309 
27 230 
27 188 
27 354 
27 350 
27 136 
27 414 
27 50 
27 361 
27 368 
28 437 
28 197 
28 129 
29 288 
29 63 
29 246 
29 272 
29 268 
29 250 
29 396 
29 122 
29 238 
29 204 
29 297 
29 189 
29 410 
29 376 
29 402 
29 308 
29 199 
29 255 
29 371 
29 247 
29 393 
29 201 
29 152 
29 343 
29 260 
29 177 
29 38 
29 259 
29 315 
29 146 
29 427 
29 160 
29 231 
29 103 
29 369 
29 365 
29 241 
29 387 
29 203 
29 379 
29 45 
29 116 
29 412 
29 168 
29 70 
29 336 
29 77 
29 54 
29 35 
29 436 
29 267 
29 188 
29 285 
29 206 
29 382 
29 48 
29 340 
29 111 
29 167 
29 358 
30 244 
30 172 
30 139 
30 187 
30 258 
30 364 
30 281 
30 97 
30 434 
30 36 
30 287 
30 88 
30 349 
30 101 
30 397 
30 333 
30 74 
30 280 
30 231 
30 167 
30 448 
31 173 
31 274 
31 330 
31 251 
31 157 
31 228 
31 220 
31 167 
31 88 
31 174 
31 38 
31 53 
31 79 
31 75 
31 131 
31 234 
31 132 
31 98 
31 34 
31 405 
31 40 
31 36 
31 362 
31 148 
31 399 
31 218 
31 69 
31 215 
31 105 
31 161 
31 442 
31 363 
31 269 
31 250 
31 306 
31 227 
31 43 
31 114 
31 402 
31 398 
31 266 
31 172 
31 243 
31 449 
31 310 
31 171 
31 392 
31 268 
31 339 
31 440 
31 222 
31 428 
31 379 
31 135 
31 356 
31 322 
31 273 
31 119 
31 55 
31 66 
31 122 
31 313 
31 99 
31 425 
31 42 
31 203 
31 214 
31 431 
31 292 
31 333 
31 344 
31 325 
31 96 
31 152 
31 163 
31 144 
31 95 
31 312 
31 323 
31 124 
31 300 
31 221 
31 217 
31 164 
31 445 
31 366 
31 182 
31 283 
32 171 
32 253 
32 66 
32 73 
32 374 
32 340 
32 291 
32 163 
32 419 
32 370 
32 396 
32 433 
32 174 
32 125 
32 421 
32 357 
32 278 
33 194 
33 352 
33 424 
33 165 
33 296 
33 367 
33 309 
33 320 
33 391 
33 327 
33 248 
33 334 
33 195 
33 416 
33 374 
33 70 
33 426 
33 407 
33 373 
34 203 
34 135 
34 281 
34 303 
34 44 
34 265 
34 141 
34 43 
34 234 
34 440 
34 132 
34 98 
34 221 
34 217 
34 159 
34 380 
34 76 
34 72 
34 218 
34 225 
34 71 
34 367 
34 393 
34 114 
34 155 
34 166 
34 237 
34 443 
34 405 
34 131 
34 52 
34 318 
34 239 
34 145 
34 306 
34 227 
34 403 
35 69 
35 346 
35 174 
35 166 
35 147 
35 194 
35 205 
35 366 
35 362 
35 328 
35 279 
35 76 
35 252 
35 399 
35 256 
35 312 
35 413 
35 199 
35 180 
35 311 
35 292 
35 423 
35 314 
35 295 
35 156 
35 287 
35 448 
35 54 
35 436 
35 267 
35 188 
35 285 
35 206 
35 382 
35 48 
35 340 
35 111 
35 167 
35 358 
36 145 
36 344 
36 92 
36 208 
36 281 
36 97 
36 434 
36 88 
36 269 
36 250 
36 287 
36 268 
36 305 
36 207 
36 413 
36 289 
36 240 
36 356 
36 412 
36 333 
36 74 
36 377 
36 163 
36 119 
36 40 
36 362 
36 148 
36 399 
36 215 
36 402 
36 218 
36 144 
36 275 
36 76 
36 252 
36 278 
36 364 
36 300 
36 41 
36 172 
36 243 
36 179 
36 370 
36 197 
36 298 
37 228 
37 446 
37 326 
37 408 
37 409 
37 255 
37 101 
37 138 
37 324 
37 425 
37 121 
37 207 
37 428 
37 124 
37 300 
37 221 
37 318 
37 419 
37 205 
37 276 
37 302 
37 384 
37 151 
37 312 
37 143 
37 64 
37 60 
37 116 
37 303 
37 224 
37 40 
37 51 
37 392 
37 268 
38 192 
38 154 
38 72 
38 449 
38 220 
38 167 
38 88 
38 174 
38 215 
38 402 
38 250 
38 396 
38 122 
38 238 
38 204 
38 410 
38 297 
38 80 
38 286 
38 417 
38 244 
38 120 
38 86 
38 123 
38 89 
38 295 
38 156 
38 418 
38 260 
38 436 
38 177 
38 259 
38 315 
38 146 
38 427 
38 168 
38 160 
38 231 
38 77 
38 103 
39 373 
39 380 
39 268 
39 148 
39 200 
39 211 
39 357 
39 353 
39 229 
39 176 
39 187 
39 78 
40 209 
40 329 
40 411 
40 344 
40 92 
40 208 
40 362 
40 148 
40 399 
40 215 
40 402 
40 218 
40 249 
40 275 
40 282 
40 113 
40 319 
40 360 
40 266 
40 67 
40 63 
40 119 
40 216 
40 332 
40 223 
40 384 
40 151 
40 312 
40 143 
40 64 
40 60 
40 116 
40 303 
40 224 
40 51 
40 392 
40 268 
41 195 
41 262 
41 82 
41 247 
41 442 
41 183 
41 289 
41 420 
41 427 
41 78 
41 314 
41 385 
41 231 
41 437 
41 388 
41 144 
41 275 
41 76 
41 252 
41 278 
41 364 
41 300 
41 172 
41 243 
41 179 
41 370 
41 197 
41 298 
42 278 
42 113 
42 209 
42 385 
42 321 
42 242 
42 148 
42 219 
42 376 
42 293 
42 99 
42 425 
42 203 
42 214 
42 431 
42 292 
42 333 
42 344 
42 325 
42 96 
42 152 
42 163 
43 54 
43 414 
43 107 
43 332 
43 144 
43 169 
43 60 
43 116 
43 217 
43 74 
43 135 
43 281 
43 367 
43 303 
43 44 
43 265 
43 141 
43 69 
43 215 
43 402 
43 398 
43 105 
43 161 
43 442 
43 363 
43 269 
43 250 
43 306 
43 227 
44 183 
44 423 
44 445 
44 250 
44 216 
44 152 
44 163 
44 319 
44 180 
44 221 
44 307 
44 78 
44 347 
44 223 
44 135 
44 281 
44 367 
44 231 
44 437 
44 260 
44 76 
44 342 
44 428 
44 304 
44 255 
44 191 
44 303 
44 265 
44 141 
44 182 
44 283 
44 129 
44 46 
44 312 
44 53 
44 364 
44 300 
44 401 
44 198 
44 160 
44 411 
44 317 
44 118 
45 191 
45 101 
45 371 
45 274 
45 49 
45 281 
45 352 
45 378 
45 114 
45 440 
45 211 
45 357 
45 263 
45 259 
45 386 
45 82 
45 258 
45 194 
45 295 
45 246 
45 182 
45 369 
45 365 
45 241 
45 387 
45 203 
45 379 
45 116 
45 412 
45 168 
45 70 
45 336 
45 77 
45 260 
45 76 
45 252 
45 368 
45 154 
45 296 
45 198 
45 329 
45 130 
45 111 
45 62 
45 358 
46 327 
46 230 
46 237 
46 159 
46 128 
46 99 
46 335 
46 147 
46 368 
46 249 
46 132 
46 173 
46 184 
46 345 
46 266 
46 82 
46 168 
46 404 
46 370 
46 396 
46 392 
46 448 
46 279 
46 110 
46 57 
46 113 
46 129 
46 312 
46 53 
46 364 
46 300 
46 401 
46 198 
46 160 
46 411 
46 317 
46 118 
47 448 
47 306 
47 358 
47 433 
47 178 
48 119 
48 374 
48 389 
48 364 
48 210 
48 236 
48 265 
48 321 
48 242 
48 418 
48 79 
48 165 
48 157 
48 284 
48 355 
48 201 
48 148 
48 304 
48 56 
48 262 
48 209 
48 115 
48 366 
48 182 
48 373 
48 384 
48 200 
48 106 
48 282 
48 398 
48 94 
48 180 
48 131 
48 52 
48 104 
48 220 
48 253 
48 99 
48 335 
48 136 
48 117 
48 68 
48 184 
48 435 
48 416 
48 277 
48 325 
48 186 
48 137 
48 238 
48 54 
48 436 
48 267 
48 188 
48 285 
48 206 
48 382 
48 340 
48 111 
48 167 
48 358 
49 150 
49 420 
49 128 
49 113 
49 315 
49 281 
49 352 
49 378 
50 436 
50 429 
50 414 
50 361 
50 368 
51 385 
51 377 
51 384 
51 151 
51 312 
51 143 
51 64 
51 60 
51 116 
51 303 
51 224 
51 392 
51 268 
52 408 
52 333 
52 364 
52 210 
52 236 
52 284 
52 265 
52 321 
52 242 
52 418 
52 384 
52 200 
52 106 
52 282 
52 398 
52 94 
52 180 
52 104 
52 186 
52 137 
52 253 
52 204 
52 301 
52 342 
52 428 
52 109 
52 329 
52 220 
52 437 
52 388 
52 444 
52 425 
52 286 
52 353 
52 319 
52 360 
52 356 
52 396 
52 122 
52 328 
52 114 
52 155 
52 166 
52 237 
52 443 
52 405 
52 131 
52 318 
52 239 
52 145 
52 306 
52 227 
52 403 
53 87 
53 439 
53 159 
53 380 
53 76 
53 432 
53 234 
53 80 
53 207 
53 259 
53 225 
53 427 
53 93 
53 414 
53 140 
53 331 
53 192 
53 120 
53 251 
53 247 
53 123 
53 95 
53 79 
53 75 
53 131 
53 322 
53 219 
53 65 
53 271 
53 184 
53 345 
53 86 
53 202 
53 168 
53 129 
53 312 
53 364 
53 300 
53 401 
53 198 
53 160 
53 411 
53 317 
53 118 
54 125 
54 380 
54 58 
54 151 
54 312 
54 143 
54 239 
54 325 
54 257 
54 163 
54 290 
54 192 
54 413 
54 241 
54 117 
54 173 
54 274 
54 315 
54 416 
54 112 
54 288 
54 436 
54 267 
54 188 
54 285 
54 206 
54 382 
54 340 
54 111 
54 167 
54 358 
55 344 
55 141 
55 239 
55 134 
55 242 
55 418 
55 321 
55 332 
55 223 
55 189 
55 230 
55 136 
55 387 
55 339 
55 440 
55 222 
55 428 
55 379 
55 135 
55 356 
55 322 
55 273 
55 119 
55 66 
55 122 
55 313 
56 315 
56 352 
56 420 
56 195 
56 439 
56 90 
56 442 
56 183 
56 304 
56 435 
56 262 
56 209 
56 115 
56 366 
56 182 
56 373 
57 159 
57 128 
57 144 
57 95 
57 384 
57 380 
57 166 
57 293 
57 309 
57 410 
57 286 
57 383 
57 114 
57 245 
57 61 
57 404 
57 370 
57 396 
57 392 
57 448 
57 279 
57 110 
57 113 
57 299 
57 190 
57 261 
57 418 
57 264 
57 200 
57 391 
57 203 
58 242 
58 144 
58 347 
58 324 
58 429 
58 314 
58 295 
58 426 
58 137 
59 438 
59 190 
59 445 
59 93 
59 355 
59 223 
59 175 
59 66 
59 212 
59 298 
60 289 
60 169 
60 217 
60 74 
60 384 
60 151 
60 312 
60 143 
60 64 
60 116 
60 303 
60 224 
60 392 
60 268 
61 264 
61 417 
61 128 
61 204 
61 140 
61 327 
61 338 
61 114 
61 245 
61 113 
61 284 
61 175 
61 246 
61 272 
61 178 
61 159 
61 279 
61 125 
61 443 
61 124 
61 285 
61 116 
61 412 
61 168 
61 369 
61 83 
61 199 
61 165 
61 296 
61 277 
61 408 
61 365 
61 237 
61 263 
61 169 
61 150 
61 281 
61 262 
61 138 
61 179 
61 190 
61 351 
61 182 
62 178 
62 96 
62 321 
62 254 
62 250 
62 174 
62 395 
62 181 
62 72 
62 218 
62 114 
62 155 
62 166 
62 327 
62 338 
62 409 
62 75 
62 401 
62 97 
62 74 
62 370 
62 216 
62 88 
62 260 
62 76 
62 252 
62 368 
62 154 
62 296 
62 198 
62 329 
62 130 
62 111 
62 358 
63 172 
63 439 
63 180 
63 221 
63 397 
63 249 
63 275 
63 282 
63 113 
63 319 
63 360 
63 266 
63 67 
63 119 
63 216 
63 332 
63 223 
64 330 
64 150 
64 240 
64 221 
64 127 
64 198 
64 420 
64 401 
64 367 
64 123 
64 164 
64 445 
64 96 
64 152 
64 73 
64 384 
64 151 
64 312 
64 143 
64 116 
64 303 
64 224 
64 392 
64 268 
65 361 
65 444 
65 91 
65 324 
65 263 
65 429 
65 102 
65 428 
65 132 
65 83 
65 199 
65 360 
65 101 
65 127 
65 219 
65 271 
65 312 
65 184 
65 345 
65 86 
65 202 
65 168 
66 295 
66 212 
66 298 
66 269 
66 175 
66 302 
66 103 
66 339 
66 440 
66 222 
66 428 
66 379 
66 135 
66 356 
66 322 
66 273 
66 119 
66 122 
66 313 
67 131 
67 109 
67 423 
67 304 
67 435 
67 243 
67 399 
67 395 
67 181 
67 162 
67 293 
67 195 
67 146 
67 249 
67 275 
67 282 
67 113 
67 319 
67 360 
67 266 
67 119 
67 216 
67 332 
67 223 
67 339 
67 440 
67 121 
67 192 
67 398 
67 375 
67 371 
67 333 
67 434 
67 130 
67 396 
67 122 
67 328 
68 94 
68 274 
68 364 
68 447 
68 327 
68 99 
68 335 
68 136 
68 117 
68 184 
68 435 
68 416 
68 277 
68 325 
68 186 
68 137 
68 238 
69 178 
69 298 
69 418 
69 125 
69 395 
69 134 
69 126 
69 257 
69 73 
69 211 
69 177 
69 305 
69 196 
69 447 
69 338 
69 214 
69 360 
69 266 
69 247 
69 393 
69 209 
69 205 
69 81 
69 137 
69 328 
69 215 
69 402 
69 398 
69 105 
69 161 
69 442 
69 363 
69 269 
69 250 
69 306 
69 227 
70 137 
70 148 
70 269 
70 156 
70 328 
70 246 
70 272 
70 268 
70 254 
70 227 
70 133 
70 275 
70 181 
70 342 
70 263 
70 309 
70 320 
70 391 
70 327 
70 248 
70 334 
70 195 
70 416 
70 374 
70 426 
70 407 
70 373 
70 369 
70 365 
70 241 
70 387 
70 203 
70 379 
70 116 
70 412 
70 168 
70 336 
70 77 
71 277 
71 345 
71 319 
71 93 
71 159 
71 380 
71 76 
71 72 
71 218 
71 367 
71 393 
71 259 
71 225 
71 97 
71 273 
71 299 
71 201 
71 152 
71 253 
71 234 
71 260 
71 436 
71 87 
71 233 
71 139 
71 120 
71 187 
71 258 
71 284 
71 85 
71 261 
71 377 
71 343 
72 421 
72 398 
72 399 
72 305 
72 196 
72 128 
72 254 
72 250 
72 216 
72 88 
72 174 
72 395 
72 181 
72 159 
72 380 
72 76 
72 218 
72 225 
72 367 
72 393 
73 272 
73 429 
73 199 
73 435 
73 146 
73 157 
73 228 
73 254 
73 420 
73 401 
73 367 
73 123 
73 445 
73 96 
73 152 
73 134 
73 250 
73 126 
73 215 
73 211 
73 177 
73 398 
73 164 
73 175 
73 156 
73 339 
73 350 
73 151 
73 132 
73 83 
73 354 
73 275 
73 372 
73 368 
73 244 
73 210 
73 416 
73 187 
73 153 
73 374 
73 430 
73 351 
73 257 
73 399 
73 395 
73 181 
73 342 
73 443 
73 304 
73 165 
73 116 
73 232 
73 108 
73 344 
73 415 
73 261 
73 377 
74 100 
74 108 
74 348 
74 190 
74 272 
74 178 
74 169 
74 116 
74 217 
74 321 
74 422 
74 298 
74 429 
74 320 
74 391 
74 237 
74 353 
74 349 
74 101 
74 397 
74 280 
74 231 
74 167 
74 448 
74 274 
74 150 
74 191 
74 277 
74 228 
74 111 
74 77 
74 193 
74 289 
74 240 
74 356 
74 412 
74 333 
74 377 
74 163 
74 114 
74 155 
74 166 
74 327 
74 338 
74 409 
74 75 
74 401 
74 97 
74 370 
74 216 
74 88 
75 221 
75 399 
75 305 
75 196 
75 342 
75 428 
75 199 
75 292 
75 153 
75 95 
75 312 
75 79 
75 249 
75 185 
75 286 
75 417 
75 218 
75 304 
75 131 
75 322 
75 363 
75 114 
75 155 
75 166 
75 327 
75 338 
75 409 
75 401 
75 97 
75 370 
75 216 
75 88 
75 264 
75 200 
75 211 
75 267 
75 368 
75 424 
75 311 
75 202 
75 78 
75 134 
75 415 
75 156 
75 238 
76 155 
76 162 
76 432 
76 160 
76 231 
76 437 
76 118 
76 342 
76 428 
76 194 
76 205 
76 366 
76 362 
76 328 
76 279 
76 188 
76 159 
76 380 
76 218 
76 225 
76 367 
76 393 
76 144 
76 275 
76 278 
76 364 
76 300 
76 172 
76 243 
76 179 
76 370 
76 197 
76 298 
76 260 
76 252 
76 368 
76 154 
76 296 
76 198 
76 329 
76 130 
76 111 
76 358 
77 351 
77 289 
77 281 
77 82 
77 348 
77 449 
77 400 
77 373 
77 274 
77 150 
77 191 
77 277 
77 228 
77 111 
77 193 
77 260 
77 436 
77 177 
77 259 
77 315 
77 146 
77 427 
77 160 
77 231 
77 103 
77 369 
77 365 
77 241 
77 387 
77 203 
77 379 
77 116 
77 412 
77 168 
77 336 
78 224 
78 285 
78 116 
78 412 
78 124 
78 300 
78 401 
78 319 
78 180 
78 221 
78 307 
78 265 
78 347 
78 223 
78 289 
78 420 
78 427 
78 314 
78 385 
78 231 
78 437 
78 388 
78 357 
78 353 
78 229 
78 176 
78 187 
78 264 
78 200 
78 211 
78 267 
78 368 
78 424 
78 311 
78 202 
78 134 
78 415 
78 156 
78 238 
79 158 
79 345 
79 263 
79 278 
79 435 
79 236 
79 412 
79 438 
79 165 
79 157 
79 284 
79 355 
79 201 
79 137 
79 148 
79 95 
79 312 
79 131 
79 322 
80 354 
80 106 
80 114 
80 376 
80 402 
80 308 
80 234 
80 207 
80 259 
80 225 
80 427 
80 93 
80 339 
80 237 
80 83 
80 109 
80 105 
80 251 
80 247 
80 303 
80 286 
80 417 
80 244 
80 120 
80 86 
80 123 
80 89 
80 295 
80 156 
80 418 
81 310 
81 299 
81 190 
81 407 
81 103 
81 170 
81 271 
81 147 
81 188 
81 305 
81 196 
81 447 
81 338 
81 214 
81 360 
81 266 
81 247 
81 393 
81 209 
81 205 
81 137 
81 328 
82 438 
82 249 
82 132 
82 173 
82 184 
82 345 
82 266 
82 168 
82 289 
82 150 
82 281 
82 348 
82 449 
82 400 
82 336 
82 373 
82 114 
82 440 
82 211 
82 357 
82 263 
82 259 
82 386 
82 258 
82 194 
82 295 
82 246 
82 182 
83 379 
83 117 
83 284 
83 246 
83 272 
83 159 
83 329 
83 310 
83 441 
83 242 
83 238 
83 114 
83 440 
83 301 
83 342 
83 286 
83 109 
83 105 
83 251 
83 247 
83 303 
83 219 
83 271 
83 360 
83 101 
83 127 
83 369 
83 237 
83 199 
83 165 
83 296 
83 277 
83 408 
83 164 
83 377 
83 339 
83 350 
83 151 
83 132 
83 249 
83 365 
83 331 
83 120 
83 86 
83 112 
83 269 
83 175 
83 156 
83 287 
83 178 
84 88 
84 313 
84 230 
84 208 
84 331 
84 372 
84 98 
84 209 
84 396 
84 122 
84 418 
84 421 
84 432 
84 413 
84 89 
84 126 
84 182 
84 193 
84 140 
84 241 
84 297 
84 308 
85 389 
85 164 
85 171 
85 212 
85 118 
85 114 
85 170 
85 271 
85 147 
85 188 
85 94 
85 431 
85 292 
85 243 
85 269 
85 441 
85 242 
85 238 
85 234 
85 260 
85 436 
85 87 
85 233 
85 139 
85 120 
85 187 
85 258 
85 284 
85 261 
85 377 
85 343 
86 348 
86 274 
86 243 
86 154 
86 135 
86 292 
86 153 
86 382 
86 228 
86 229 
86 213 
86 399 
86 305 
86 376 
86 402 
86 218 
86 214 
86 360 
86 288 
86 219 
86 271 
86 312 
86 184 
86 345 
86 202 
86 168 
86 286 
86 417 
86 244 
86 123 
86 89 
86 295 
86 418 
86 249 
86 365 
86 331 
86 120 
86 112 
86 269 
86 175 
86 156 
86 287 
86 178 
87 323 
87 421 
87 91 
87 189 
87 305 
87 196 
87 413 
87 264 
87 200 
87 211 
87 143 
87 234 
87 260 
87 436 
87 233 
87 139 
87 120 
87 187 
87 258 
87 284 
87 261 
87 377 
87 343 
88 444 
88 449 
88 220 
88 167 
88 215 
88 402 
88 254 
88 250 
88 174 
88 395 
88 181 
88 218 
88 364 
88 281 
88 434 
88 287 
88 114 
88 155 
88 166 
88 327 
88 338 
88 409 
88 401 
88 97 
88 370 
88 216 
89 243 
89 205 
89 351 
89 437 
89 306 
89 317 
89 208 
89 126 
89 182 
89 193 
89 140 
89 241 
89 297 
89 308 
89 286 
89 417 
89 244 
89 120 
89 123 
89 295 
89 156 
89 418 
90 214 
90 424 
90 94 
90 236 
90 319 
90 439 
90 442 
90 183 
91 447 
91 395 
92 388 
92 298 
92 366 
92 246 
92 344 
92 208 
92 294 
92 305 
92 207 
92 143 
92 334 
92 375 
92 412 
92 348 
92 269 
92 355 
92 126 
92 118 
93 149 
93 329 
93 239 
93 337 
93 322 
93 97 
93 319 
93 161 
93 409 
93 345 
93 266 
93 442 
93 234 
93 207 
93 259 
93 225 
93 251 
93 427 
94 270 
94 293 
94 384 
94 200 
94 106 
94 282 
94 398 
94 180 
94 131 
94 104 
94 220 
94 186 
94 137 
94 253 
94 114 
94 170 
94 271 
94 147 
94 188 
94 431 
94 292 
94 243 
94 269 
94 441 
94 242 
94 238 
95 369 
95 391 
95 383 
95 129 
95 301 
95 432 
95 233 
95 132 
95 173 
95 274 
95 330 
95 251 
95 157 
95 228 
95 131 
95 322 
95 121 
95 117 
95 443 
95 214 
95 270 
95 232 
95 198 
95 134 
95 415 
95 171 
95 392 
95 358 
95 144 
95 312 
95 323 
95 124 
95 300 
95 221 
95 217 
95 164 
95 445 
95 366 
95 182 
95 283 
96 332 
96 184 
96 345 
96 356 
96 337 
96 198 
96 149 
96 340 
96 253 
96 199 
96 435 
96 146 
96 157 
96 228 
96 254 
96 430 
96 420 
96 401 
96 367 
96 123 
96 164 
96 445 
96 99 
96 425 
96 203 
96 214 
96 431 
96 292 
96 333 
96 344 
96 325 
96 152 
96 163 
97 296 
97 191 
97 319 
97 124 
97 210 
97 416 
97 363 
97 364 
97 281 
97 434 
97 287 
97 259 
97 225 
97 273 
97 299 
97 201 
97 152 
97 253 
97 114 
97 155 
97 166 
97 327 
97 338 
97 409 
97 401 
97 370 
97 216 
98 252 
98 140 
98 234 
98 440 
98 132 
98 405 
98 221 
98 217 
98 279 
98 331 
98 372 
98 214 
98 360 
98 356 
98 322 
98 363 
98 449 
98 310 
98 351 
98 437 
98 298 
99 103 
99 328 
99 155 
99 121 
99 128 
99 245 
99 331 
99 282 
99 113 
99 147 
99 368 
99 226 
99 263 
99 297 
99 308 
99 379 
99 225 
99 161 
99 262 
99 318 
99 335 
99 136 
99 117 
99 184 
99 435 
99 416 
99 277 
99 186 
99 137 
99 238 
99 425 
99 203 
99 214 
99 431 
99 292 
99 333 
99 344 
99 325 
99 152 
99 163 
100 366 
100 179 
100 186 
101 307 
101 375 
101 409 
101 255 
101 138 
101 219 
101 271 
101 132 
101 199 
101 360 
101 127 
101 349 
101 397 
101 333 
101 280 
101 231 
101 167 
101 448 
102 121 
102 226 
102 158 
102 429 
102 428 
103 197 
103 369 
103 269 
103 175 
103 302 
103 190 
103 407 
103 170 
103 271 
103 147 
103 188 
103 379 
103 236 
103 322 
103 273 
103 299 
103 280 
103 141 
103 182 
103 260 
103 436 
103 177 
103 259 
103 315 
103 146 
103 427 
103 168 
103 160 
103 231 
104 130 
104 153 
104 400 
104 258 
104 310 
104 384 
104 200 
104 106 
104 282 
104 398 
104 180 
104 131 
104 186 
104 137 
104 253 
104 174 
104 305 
104 286 
104 327 
104 428 
104 124 
104 210 
104 236 
104 232 
104 378 
104 220 
104 276 
104 287 
104 268 
105 334 
105 431 
105 112 
105 183 
105 339 
105 286 
105 237 
105 109 
105 251 
105 247 
105 303 
105 215 
105 402 
105 398 
105 161 
105 442 
105 363 
105 269 
105 250 
105 306 
105 227 
106 410 
106 384 
106 200 
106 282 
106 398 
106 180 
106 131 
106 220 
106 186 
106 137 
106 253 
107 261 
107 381 
107 133 
107 403 
107 276 
108 164 
108 352 
108 274 
108 315 
108 416 
108 112 
108 434 
108 295 
108 246 
108 272 
108 268 
108 399 
108 395 
108 181 
108 342 
108 443 
108 304 
108 165 
108 116 
108 232 
108 344 
108 415 
108 261 
108 377 
109 188 
109 285 
109 375 
109 371 
109 423 
109 202 
109 273 
109 339 
109 286 
109 237 
109 251 
109 247 
109 303 
109 195 
109 416 
109 292 
109 243 
109 269 
109 175 
109 156 
109 197 
109 373 
109 204 
109 425 
109 301 
109 342 
109 428 
109 356 
109 318 
109 329 
109 220 
109 437 
109 388 
110 226 
110 132 
110 368 
110 159 
110 128 
110 264 
110 136 
110 387 
110 404 
110 370 
110 396 
110 392 
110 448 
110 279 
110 113 
110 384 
110 316 
110 177 
110 218 
110 394 
110 330 
110 341 
110 322 
110 183 
110 224 
110 220 
110 257 
110 163 
111 257 
111 347 
111 419 
111 115 
111 437 
111 388 
111 332 
111 133 
111 284 
111 355 
111 274 
111 150 
111 191 
111 277 
111 228 
111 193 
111 436 
111 267 
111 188 
111 285 
111 206 
111 382 
111 340 
111 167 
111 260 
111 252 
111 368 
111 154 
111 296 
111 198 
111 329 
111 130 
111 358 
112 378 
112 334 
112 183 
112 319 
112 431 
112 399 
112 305 
112 376 
112 402 
112 218 
112 214 
112 360 
112 434 
112 295 
112 246 
112 272 
112 268 
112 241 
112 117 
112 173 
112 274 
112 315 
112 416 
112 288 
112 249 
112 365 
112 331 
112 120 
112 269 
112 175 
112 156 
112 287 
112 178 
113 229 
113 409 
113 387 
113 162 
113 174 
113 215 
113 121 
113 331 
113 114 
113 245 
113 404 
113 370 
113 396 
113 392 
113 448 
113 279 
113 249 
113 275 
113 282 
113 319 
113 360 
113 266 
113 119 
113 216 
113 332 
113 223 
114 343 
114 358 
114 260 
114 133 
114 432 
114 323 
114 376 
114 308 
114 350 
114 151 
114 222 
114 428 
114 245 
114 329 
114 301 
114 342 
114 327 
114 338 
114 409 
114 401 
114 370 
114 216 
114 211 
114 357 
114 263 
114 259 
114 386 
114 258 
114 194 
114 295 
114 246 
114 182 
114 170 
114 271 
114 147 
114 188 
114 431 
114 292 
114 269 
114 441 
114 242 
114 238 
114 440 
114 402 
114 398 
114 266 
114 172 
114 243 
114 449 
114 310 
114 171 
114 392 
114 268 
114 155 
114 166 
114 237 
114 443 
114 405 
114 131 
114 318 
114 239 
114 145 
114 306 
114 227 
114 403 
115 434 
115 314 
115 419 
115 437 
115 388 
115 304 
115 435 
115 262 
115 209 
115 366 
115 182 
115 373 
116 390 
116 229 
116 169 
116 217 
116 279 
116 125 
116 237 
116 124 
116 285 
116 369 
116 365 
116 241 
116 387 
116 203 
116 379 
116 412 
116 168 
116 336 
116 384 
116 151 
116 312 
116 143 
116 303 
116 224 
116 392 
116 268 
116 399 
116 395 
116 181 
116 342 
116 443 
116 304 
116 165 
116 232 
116 344 
116 415 
116 261 
116 377 
117 353 
117 361 
117 241 
117 173 
117 274 
117 315 
117 288 
117 335 
117 136 
117 184 
117 435 
117 416 
117 277 
117 325 
117 186 
117 137 
117 238 
117 144 
117 121 
117 443 
117 214 
117 270 
117 232 
117 198 
117 134 
117 415 
117 171 
117 392 
117 358 
118 422 
118 197 
118 279 
118 404 
118 201 
118 164 
118 171 
118 212 
118 231 
118 437 
118 260 
118 342 
118 428 
118 129 
118 312 
118 364 
118 300 
118 401 
118 198 
118 160 
118 411 
118 317 
118 294 
118 305 
118 207 
118 143 
118 334 
118 375 
118 412 
118 348 
118 269 
118 355 
118 126 
119 362 
119 148 
119 399 
119 215 
119 402 
119 218 
119 249 
119 275 
119 282 
119 319 
119 360 
119 266 
119 216 
119 332 
119 223 
119 339 
119 440 
119 222 
119 428 
119 379 
119 135 
119 356 
119 322 
119 273 
119 122 
119 313 
120 202 
120 348 
120 356 
120 337 
120 198 
120 414 
120 140 
120 192 
120 364 
120 251 
120 247 
120 286 
120 417 
120 244 
120 123 
120 295 
120 418 
120 234 
120 260 
120 436 
120 233 
120 139 
120 187 
120 258 
120 284 
120 261 
120 377 
120 343 
120 249 
120 365 
120 331 
120 269 
120 175 
120 156 
120 287 
120 178 
121 320 
121 174 
121 215 
121 282 
121 297 
121 128 
121 144 
121 443 
121 214 
121 270 
121 232 
121 198 
121 134 
121 415 
121 171 
121 392 
121 358 
121 324 
121 425 
121 207 
121 428 
121 124 
121 300 
121 221 
121 318 
121 419 
121 205 
121 276 
121 302 
121 339 
121 440 
121 192 
121 398 
121 375 
121 371 
121 333 
121 434 
121 130 
121 396 
121 122 
121 328 
122 171 
122 209 
122 418 
122 140 
122 421 
122 432 
122 413 
122 199 
122 161 
122 262 
122 138 
122 359 
122 250 
122 238 
122 204 
122 410 
122 297 
122 444 
122 425 
122 286 
122 237 
122 353 
122 319 
122 360 
122 318 
122 239 
122 145 
122 222 
122 428 
122 379 
122 135 
122 356 
122 322 
122 273 
122 313 
122 339 
122 440 
122 192 
122 398 
122 375 
122 371 
122 333 
122 434 
122 130 
122 396 
122 328 
123 359 
123 319 
123 270 
123 296 
123 169 
123 330 
123 341 
123 289 
123 240 
123 356 
123 142 
123 265 
123 231 
123 257 
123 433 
123 420 
123 401 
123 367 
123 164 
123 445 
123 152 
123 414 
123 140 
123 331 
123 192 
123 364 
123 251 
123 247 
123 286 
123 417 
123 244 
123 295 
123 156 
123 418 
124 195 
124 416 
124 363 
124 146 
124 247 
124 213 
124 401 
124 187 
124 279 
124 125 
124 237 
124 443 
124 285 
124 412 
124 168 
124 324 
124 425 
124 207 
124 318 
124 419 
124 205 
124 302 
124 174 
124 305 
124 286 
124 327 
124 428 
124 210 
124 236 
124 232 
124 378 
124 220 
124 276 
124 287 
124 268 
124 144 
124 312 
124 323 
124 300 
124 221 
124 217 
124 164 
124 445 
124 366 
124 182 
124 283 
125 136 
125 419 
125 370 
125 396 
125 433 
125 174 
125 421 
125 357 
125 278 
125 279 
125 237 
125 443 
125 285 
125 412 
125 168 
126 437 
126 298 
126 182 
126 193 
126 140 
126 241 
126 297 
126 308 
126 134 
126 250 
126 257 
126 215 
126 211 
126 177 
126 398 
126 294 
126 305 
126 207 
126 143 
126 334 
126 375 
126 412 
126 348 
126 269 
126 355 
127 446 
127 420 
127 198 
127 219 
127 271 
127 132 
127 199 
127 360 
127 444 
127 335 
127 316 
127 177 
127 398 
127 364 
127 300 
127 221 
127 378 
128 409 
128 264 
128 365 
128 417 
128 399 
128 305 
128 196 
128 159 
128 425 
128 297 
129 148 
129 358 
129 301 
129 432 
129 233 
129 312 
129 364 
129 300 
129 401 
129 198 
129 160 
129 411 
129 317 
130 449 
130 291 
130 201 
130 332 
130 133 
130 289 
130 420 
130 221 
130 307 
130 348 
130 344 
130 182 
130 373 
130 260 
130 252 
130 368 
130 154 
130 296 
130 198 
130 329 
130 358 
130 339 
130 440 
130 192 
130 398 
130 375 
130 371 
130 333 
130 434 
130 396 
130 328 
131 300 
131 427 
131 312 
131 249 
131 185 
131 286 
131 417 
131 218 
131 304 
131 322 
131 363 
131 384 
131 200 
131 282 
131 398 
131 180 
131 220 
131 186 
131 137 
131 253 
131 155 
131 166 
131 237 
131 443 
131 405 
131 318 
131 239 
131 145 
131 306 
131 227 
131 403 
132 188 
132 443 
132 376 
132 279 
132 136 
132 368 
132 144 
132 274 
132 330 
132 251 
132 157 
132 228 
132 249 
132 173 
132 184 
132 345 
132 266 
132 168 
132 219 
132 271 
132 199 
132 360 
132 234 
132 440 
132 405 
132 221 
132 217 
132 164 
132 175 
132 156 
132 377 
132 339 
132 350 
132 151 
133 384 
133 294 
133 329 
133 332 
133 254 
133 426 
133 227 
133 275 
133 181 
133 342 
133 263 
134 437 
134 298 
134 321 
134 242 
134 418 
134 250 
134 257 
134 215 
134 177 
134 398 
134 144 
134 443 
134 214 
134 270 
134 232 
134 198 
134 171 
134 392 
134 358 
134 264 
134 200 
134 211 
134 267 
134 368 
134 424 
134 311 
134 202 
134 415 
134 156 
134 238 
135 446 
135 176 
135 259 
135 266 
135 274 
135 243 
135 154 
135 292 
135 153 
135 281 
135 367 
135 303 
135 265 
135 141 
135 339 
135 440 
135 222 
135 428 
135 379 
135 356 
135 322 
135 273 
135 313 
136 279 
136 368 
136 309 
136 188 
136 264 
136 354 
136 234 
136 350 
136 207 
136 323 
136 321 
136 332 
136 223 
136 189 
136 230 
136 387 
136 297 
136 308 
136 379 
136 225 
136 161 
136 262 
136 318 
136 335 
136 184 
136 435 
136 416 
136 277 
136 325 
136 186 
136 137 
136 238 
137 306 
137 411 
137 418 
137 254 
137 314 
137 295 
137 426 
137 165 
137 157 
137 284 
137 355 
137 201 
137 148 
137 384 
137 200 
137 282 
137 398 
137 180 
137 220 
137 253 
137 305 
137 196 
137 447 
137 338 
137 214 
137 360 
137 266 
137 247 
137 393 
137 209 
137 205 
137 328 
137 335 
137 184 
137 435 
137 416 
137 277 
137 325 
137 186 
137 238 
138 277 
138 269 
138 409 
138 255 
138 289 
138 330 
138 199 
138 161 
138 359 
138 145 
138 396 
138 238 
138 365 
138 237 
138 263 
138 169 
138 150 
138 281 
138 262 
138 179 
138 190 
138 351 
138 182 
139 281 
139 234 
139 260 
139 436 
139 233 
139 187 
139 258 
139 284 
139 261 
139 377 
139 343 
140 204 
140 327 
140 338 
140 372 
140 162 
140 189 
140 151 
140 402 
140 398 
140 195 
140 311 
140 213 
140 209 
140 396 
140 418 
140 421 
140 432 
140 413 
140 414 
140 331 
140 192 
140 364 
140 251 
140 247 
140 182 
140 193 
140 241 
140 297 
140 308 
141 385 
141 281 
141 367 
141 379 
141 315 
141 236 
141 322 
141 273 
141 299 
141 280 
141 304 
141 255 
141 191 
141 303 
141 265 
141 182 
141 283 
142 213 
142 169 
142 330 
142 341 
142 289 
142 240 
142 356 
142 164 
142 265 
142 231 
142 257 
142 433 
143 424 
143 264 
143 200 
143 211 
143 294 
143 305 
143 207 
143 334 
143 375 
143 412 
143 348 
143 269 
143 355 
143 384 
143 151 
143 312 
143 303 
143 224 
143 392 
143 268 
144 185 
144 365 
144 388 
144 391 
144 383 
144 173 
144 274 
144 330 
144 251 
144 157 
144 228 
144 275 
144 252 
144 278 
144 364 
144 172 
144 243 
144 179 
144 370 
144 197 
144 298 
144 443 
144 214 
144 270 
144 232 
144 198 
144 415 
144 171 
144 392 
144 358 
144 312 
144 323 
144 300 
144 221 
144 217 
144 164 
144 445 
144 366 
144 182 
144 283 
145 344 
145 242 
145 392 
145 358 
145 216 
145 152 
145 433 
145 199 
145 161 
145 262 
145 359 
145 238 
145 444 
145 425 
145 286 
145 353 
145 319 
145 360 
145 356 
145 396 
145 328 
145 155 
145 166 
145 237 
145 443 
145 405 
145 318 
145 239 
145 306 
145 227 
145 403 
146 210 
146 247 
146 213 
146 304 
146 243 
146 199 
146 435 
146 157 
146 228 
146 254 
146 430 
146 152 
146 399 
146 395 
146 181 
146 162 
146 293 
146 195 
146 333 
146 260 
146 436 
146 177 
146 259 
146 315 
146 427 
146 168 
146 160 
146 231 
147 278 
147 335 
147 368 
147 354 
147 440 
147 391 
147 174 
147 166 
147 299 
147 190 
147 407 
147 170 
147 271 
147 188 
147 431 
147 292 
147 243 
147 269 
147 441 
147 242 
147 238 
148 347 
148 254 
148 426 
148 165 
148 157 
148 284 
148 355 
148 201 
148 209 
148 385 
148 321 
148 242 
148 219 
148 425 
148 376 
148 293 
148 362 
148 399 
148 215 
148 402 
148 218 
149 318 
149 213 
149 160 
149 231 
149 347 
149 403 
149 250 
149 396 
149 302 
149 373 
149 430 
149 441 
149 163 
149 184 
149 345 
149 356 
149 337 
149 198 
149 340 
149 152 
149 253 
150 289 
150 348 
150 449 
150 400 
150 336 
150 373 
150 274 
150 191 
150 277 
150 228 
150 193 
150 365 
150 237 
150 263 
150 169 
150 281 
150 262 
150 179 
150 190 
150 351 
150 182 
151 365 
151 222 
151 428 
151 189 
151 402 
151 398 
151 195 
151 311 
151 213 
151 164 
151 175 
151 156 
151 377 
151 339 
151 350 
151 384 
151 312 
151 303 
151 224 
151 392 
151 268 
152 433 
152 250 
152 216 
152 441 
152 184 
152 345 
152 356 
152 337 
152 198 
152 435 
152 157 
152 228 
152 254 
152 430 
152 420 
152 401 
152 367 
152 164 
152 445 
152 259 
152 225 
152 273 
152 299 
152 253 
152 189 
152 410 
152 376 
152 402 
152 308 
152 199 
152 255 
152 371 
152 247 
152 393 
152 340 
152 201 
152 343 
152 425 
152 203 
152 214 
152 431 
152 292 
152 333 
152 344 
152 325 
152 163 
153 284 
153 397 
153 154 
153 399 
153 305 
153 196 
153 342 
153 428 
153 199 
153 311 
153 292 
153 354 
153 275 
153 372 
153 368 
153 244 
153 210 
153 416 
153 187 
153 374 
153 430 
153 351 
153 257 
154 225 
154 405 
154 292 
154 260 
154 252 
154 368 
154 296 
154 198 
154 329 
154 358 
155 219 
155 436 
155 327 
155 338 
155 409 
155 401 
155 370 
155 216 
155 166 
155 237 
155 443 
155 405 
155 318 
155 239 
155 306 
155 227 
155 403 
156 389 
156 283 
156 328 
156 164 
156 377 
156 339 
156 350 
156 195 
156 416 
156 243 
156 197 
156 373 
156 399 
156 256 
156 312 
156 413 
156 199 
156 180 
156 292 
156 423 
156 314 
156 448 
156 286 
156 417 
156 244 
156 295 
156 418 
156 264 
156 200 
156 211 
156 267 
156 368 
156 424 
156 311 
156 202 
156 415 
156 238 
156 249 
156 365 
156 331 
156 269 
156 175 
156 287 
156 178 
157 266 
157 173 
157 274 
157 330 
157 251 
157 199 
157 435 
157 228 
157 254 
157 430 
157 165 
157 284 
157 355 
157 201 
158 349 
158 222 
158 327 
159 200 
159 403 
159 283 
159 298 
159 432 
159 241 
159 387 
159 284 
159 175 
159 246 
159 272 
159 178 
159 237 
159 380 
159 218 
159 225 
159 367 
159 393 
160 254 
160 374 
160 347 
160 403 
160 437 
160 342 
160 428 
160 312 
160 364 
160 300 
160 401 
160 198 
160 411 
160 317 
160 260 
160 436 
160 177 
160 259 
160 315 
160 427 
160 168 
160 231 
161 352 
161 289 
161 330 
161 424 
161 345 
161 319 
161 335 
161 297 
161 308 
161 379 
161 225 
161 318 
161 199 
161 262 
161 359 
161 396 
161 238 
161 215 
161 402 
161 398 
161 442 
161 363 
161 269 
161 250 
161 306 
161 227 
162 203 
162 406 
162 383 
162 301 
162 414 
162 421 
162 399 
162 395 
162 181 
162 293 
162 195 
162 333 
163 324 
163 374 
163 340 
163 291 
163 250 
163 216 
163 430 
163 441 
163 239 
163 290 
163 192 
163 413 
163 289 
163 240 
163 356 
163 412 
163 370 
163 377 
163 384 
163 316 
163 177 
163 218 
163 394 
163 330 
163 341 
163 322 
163 183 
163 224 
163 220 
163 257 
163 425 
163 203 
163 214 
163 431 
163 292 
163 333 
163 344 
163 325 
164 228 
164 171 
164 212 
164 289 
164 240 
164 356 
164 265 
164 231 
164 257 
164 433 
164 420 
164 367 
164 377 
164 339 
164 350 
164 204 
164 410 
164 297 
164 398 
164 364 
164 401 
164 277 
164 333 
164 175 
164 426 
164 242 
164 418 
164 312 
164 323 
164 300 
164 221 
164 217 
164 445 
164 366 
164 182 
164 283 
165 386 
165 206 
165 184 
165 424 
165 367 
165 284 
165 355 
165 201 
165 369 
165 365 
165 237 
165 199 
165 296 
165 277 
165 408 
165 399 
165 395 
165 181 
165 342 
165 443 
165 304 
165 232 
165 344 
165 415 
165 261 
165 377 
166 260 
166 384 
166 380 
166 293 
166 174 
166 327 
166 338 
166 409 
166 401 
166 370 
166 216 
166 237 
166 443 
166 405 
166 318 
166 239 
166 306 
166 227 
166 403 
167 268 
167 284 
167 355 
167 314 
167 295 
167 336 
167 449 
167 220 
167 174 
167 215 
167 402 
167 349 
167 397 
167 333 
167 280 
167 231 
167 448 
167 436 
167 267 
167 188 
167 285 
167 206 
167 382 
167 340 
167 358 
168 187 
168 209 
168 279 
168 237 
168 443 
168 285 
168 249 
168 173 
168 266 
168 219 
168 271 
168 312 
168 184 
168 345 
168 202 
168 260 
168 436 
168 177 
168 259 
168 315 
168 427 
168 231 
168 369 
168 365 
168 241 
168 387 
168 203 
168 379 
168 412 
168 336 
169 240 
169 420 
169 326 
169 397 
169 243 
169 330 
169 341 
169 217 
169 365 
169 237 
169 263 
169 281 
169 262 
169 179 
169 190 
169 351 
169 182 
170 339 
170 181 
170 299 
170 190 
170 407 
170 271 
170 188 
170 431 
170 292 
170 243 
170 269 
170 441 
170 242 
170 238 
171 314 
171 205 
171 302 
171 373 
171 212 
171 443 
171 214 
171 270 
171 232 
171 198 
171 415 
171 358 
171 440 
171 402 
171 398 
171 266 
171 172 
171 243 
171 449 
171 310 
171 392 
171 268 
172 423 
172 244 
172 281 
172 333 
172 275 
172 252 
172 278 
172 364 
172 300 
172 179 
172 370 
172 197 
172 298 
172 440 
172 402 
172 398 
172 266 
172 243 
172 449 
172 310 
172 392 
172 268 
173 237 
173 330 
173 251 
173 228 
173 249 
173 184 
173 345 
173 266 
173 241 
173 274 
173 315 
173 416 
173 288 
174 208 
174 282 
174 419 
174 370 
174 396 
174 433 
174 421 
174 357 
174 278 
174 449 
174 215 
174 402 
174 254 
174 250 
174 216 
174 395 
174 181 
174 218 
174 305 
174 286 
174 327 
174 428 
174 210 
174 236 
174 232 
174 378 
174 220 
174 276 
174 287 
174 268 
175 336 
175 389 
175 283 
175 212 
175 298 
175 302 
175 182 
175 193 
175 284 
175 246 
175 272 
175 237 
175 377 
175 339 
175 350 
175 195 
175 416 
175 292 
175 243 
175 197 
175 373 
175 204 
175 410 
175 297 
175 398 
175 364 
175 300 
175 401 
175 277 
175 333 
175 426 
175 242 
175 418 
175 249 
175 365 
175 331 
175 269 
175 287 
175 178 
176 345 
176 240 
176 200 
176 211 
176 357 
176 353 
176 229 
176 187 
177 421 
177 444 
177 335 
177 364 
177 300 
177 221 
177 378 
177 250 
177 215 
177 211 
177 398 
177 260 
177 436 
177 259 
177 315 
177 427 
177 231 
177 384 
177 316 
177 218 
177 394 
177 330 
177 341 
177 322 
177 183 
177 224 
177 220 
177 257 
178 429 
178 284 
178 246 
178 272 
178 237 
178 249 
178 365 
178 331 
178 269 
178 287 
179 280 
179 403 
179 275 
179 252 
179 278 
179 364 
179 300 
179 243 
179 370 
179 197 
179 298 
179 365 
179 237 
179 263 
179 281 
179 262 
179 190 
179 351 
179 182 
180 439 
180 397 
180 319 
180 221 
180 307 
180 265 
180 231 
180 347 
180 223 
180 384 
180 200 
180 282 
180 398 
180 220 
180 186 
180 253 
180 399 
180 256 
180 312 
180 413 
180 199 
180 311 
180 292 
180 423 
180 314 
180 295 
180 287 
180 448 
181 252 
181 293 
181 195 
181 333 
181 250 
181 216 
181 218 
181 254 
181 426 
181 227 
181 275 
181 263 
181 399 
181 395 
181 342 
181 443 
181 304 
181 232 
181 344 
181 415 
181 261 
181 377 
182 269 
182 435 
182 209 
182 289 
182 420 
182 307 
182 348 
182 344 
182 373 
182 193 
182 241 
182 297 
182 308 
182 379 
182 315 
182 236 
182 322 
182 273 
182 299 
182 280 
182 304 
182 255 
182 191 
182 303 
182 265 
182 440 
182 211 
182 357 
182 259 
182 386 
182 258 
182 194 
182 295 
182 246 
182 365 
182 237 
182 263 
182 281 
182 262 
182 190 
182 351 
182 312 
182 323 
182 300 
182 221 
182 217 
182 445 
182 366 
182 283 
183 314 
183 300 
183 431 
183 439 
183 334 
183 266 
183 442 
183 384 
183 316 
183 218 
183 394 
183 330 
183 341 
183 322 
183 224 
183 220 
183 257 
184 398 
184 293 
184 356 
184 337 
184 198 
184 340 
184 253 
184 249 
184 266 
184 219 
184 271 
184 312 
184 345 
184 202 
184 335 
184 435 
184 416 
184 277 
184 325 
184 186 
184 238 
185 376 
185 249 
185 286 
185 417 
185 218 
185 304 
185 322 
185 363 
186 205 
186 227 
186 445 
186 384 
186 200 
186 282 
186 398 
186 220 
186 253 
186 335 
186 435 
186 416 
186 277 
186 325 
186 238 
187 191 
187 348 
187 281 
187 300 
187 401 
187 200 
187 211 
187 357 
187 353 
187 229 
187 354 
187 275 
187 372 
187 368 
187 244 
187 210 
187 416 
187 374 
187 430 
187 351 
187 257 
187 234 
187 260 
187 436 
187 233 
187 258 
187 284 
187 261 
187 377 
187 343 
188 379 
188 289 
188 234 
188 350 
188 226 
188 372 
188 309 
188 230 
188 354 
188 440 
188 391 
188 299 
188 190 
188 407 
188 194 
188 205 
188 366 
188 362 
188 328 
188 279 
188 252 
188 271 
188 431 
188 292 
188 243 
188 269 
188 441 
188 242 
188 238 
188 436 
188 267 
188 285 
188 206 
188 382 
188 340 
188 358 
189 215 
189 305 
189 196 
189 413 
189 398 
189 195 
189 311 
189 213 
189 321 
189 332 
189 223 
189 230 
189 387 
189 410 
189 376 
189 402 
189 308 
189 199 
189 255 
189 371 
189 247 
189 393 
189 340 
189 201 
189 343 
190 194 
190 404 
190 287 
190 358 
190 407 
190 271 
190 299 
190 261 
190 418 
190 264 
190 200 
190 391 
190 203 
190 365 
190 237 
190 263 
190 281 
190 262 
190 351 
191 382 
191 274 
191 277 
191 228 
191 193 
191 304 
191 255 
191 303 
191 265 
191 283 
192 346 
192 414 
192 331 
192 364 
192 251 
192 247 
192 239 
192 325 
192 257 
192 290 
192 413 
192 339 
192 440 
192 398 
192 375 
192 371 
192 333 
192 434 
192 396 
192 328 
193 197 
193 354 
193 444 
193 422 
193 269 
193 246 
193 241 
193 297 
193 308 
193 274 
193 277 
193 228 
194 378 
194 205 
194 366 
194 362 
194 328 
194 279 
194 252 
194 440 
194 211 
194 357 
194 263 
194 259 
194 386 
194 258 
194 295 
194 246 
195 326 
195 229 
195 202 
195 273 
195 402 
195 398 
195 311 
195 213 
195 399 
195 395 
195 293 
195 333 
195 292 
195 243 
195 269 
195 197 
195 309 
195 320 
195 391 
195 327 
195 248 
195 334 
195 416 
195 374 
195 426 
195 407 
195 373 
196 200 
196 413 
196 399 
196 342 
196 428 
196 199 
196 311 
196 292 
196 305 
196 447 
196 338 
196 214 
196 360 
196 266 
196 247 
196 393 
196 209 
196 205 
196 328 
197 208 
197 261 
197 389 
197 283 
197 416 
197 292 
197 269 
197 373 
197 275 
197 252 
197 278 
197 364 
197 300 
197 243 
197 370 
197 298 
198 404 
198 420 
198 221 
198 345 
198 356 
198 337 
198 340 
198 253 
198 312 
198 364 
198 300 
198 401 
198 411 
198 317 
198 443 
198 214 
198 270 
198 232 
198 415 
198 392 
198 260 
198 252 
198 368 
198 296 
198 329 
198 358 
199 203 
199 270 
199 345 
199 305 
199 342 
199 428 
199 435 
199 228 
199 254 
199 430 
199 264 
199 290 
199 361 
199 207 
199 251 
199 337 
199 378 
199 219 
199 271 
199 360 
199 262 
199 359 
199 396 
199 238 
199 369 
199 365 
199 237 
199 296 
199 277 
199 408 
199 399 
199 256 
199 312 
199 413 
199 311 
199 292 
199 423 
199 314 
199 295 
199 287 
199 448 
199 410 
199 376 
199 402 
199 308 
199 255 
199 371 
199 247 
199 393 
199 340 
199 201 
199 343 
200 286 
200 357 
200 353 
200 229 
200 299 
200 261 
200 418 
200 391 
200 203 
200 384 
200 282 
200 398 
200 220 
200 253 
200 264 
200 211 
200 267 
200 368 
200 424 
200 311 
200 202 
200 415 
200 238 
201 407 
201 235 
201 404 
201 317 
201 284 
201 355 
201 259 
201 225 
201 273 
201 299 
201 253 
201 410 
201 376 
201 402 
201 308 
201 255 
201 371 
201 247 
201 393 
201 340 
201 343 
202 244 
202 348 
202 379 
202 315 
202 363 
202 416 
202 273 
202 219 
202 271 
202 312 
202 345 
202 264 
202 211 
202 267 
202 368 
202 424 
202 311 
202 415 
202 238 
203 304 
203 282 
203 289 
203 267 
203 299 
203 261 
203 418 
203 264 
203 391 
203 369 
203 365 
203 241 
203 387 
203 379 
203 412 
203 336 
203 425 
203 214 
203 431 
203 292 
203 333 
203 344 
203 325 
204 230 
204 358 
204 343 
204 320 
204 327 
204 338 
204 250 
204 396 
204 238 
204 425 
204 301 
204 342 
204 428 
204 356 
204 318 
204 329 
204 220 
204 437 
204 388 
204 410 
204 297 
204 398 
204 364 
204 300 
204 401 
204 277 
204 333 
204 426 
204 242 
204 418 
205 434 
205 261 
205 351 
205 437 
205 208 
205 314 
205 373 
205 366 
205 362 
205 279 
205 252 
205 305 
205 447 
205 338 
205 214 
205 360 
205 266 
205 247 
205 393 
205 209 
205 328 
205 324 
205 425 
205 207 
205 428 
205 300 
205 221 
205 318 
205 419 
205 276 
205 302 
206 397 
206 307 
206 436 
206 267 
206 285 
206 382 
206 340 
206 358 
207 338 
207 346 
207 248 
207 350 
207 323 
207 234 
207 259 
207 225 
207 427 
207 264 
207 290 
207 361 
207 251 
207 337 
207 378 
207 250 
207 287 
207 268 
207 399 
207 413 
207 324 
207 425 
207 428 
207 300 
207 221 
207 318 
207 419 
207 276 
207 302 
207 294 
207 305 
207 334 
207 375 
207 412 
207 348 
207 269 
207 355 
208 354 
208 344 
208 351 
208 437 
208 434 
208 306 
208 317 
209 396 
209 418 
209 421 
209 432 
209 413 
209 304 
209 435 
209 262 
209 366 
209 373 
209 385 
209 321 
209 242 
209 219 
209 425 
209 376 
209 293 
209 305 
209 447 
209 338 
209 214 
209 360 
209 266 
209 247 
209 393 
209 328 
210 349 
210 363 
210 247 
210 213 
210 364 
210 284 
210 265 
210 321 
210 242 
210 418 
210 354 
210 275 
210 372 
210 368 
210 244 
210 416 
210 374 
210 430 
210 351 
210 257 
210 305 
210 286 
210 327 
210 428 
210 236 
210 232 
210 378 
210 220 
210 276 
210 287 
210 268 
211 447 
211 320 
211 425 
211 353 
211 229 
211 250 
211 257 
211 215 
211 398 
211 264 
211 267 
211 368 
211 424 
211 311 
211 415 
211 238 
211 440 
211 357 
211 263 
211 259 
211 386 
211 258 
211 295 
211 246 
212 298 
213 419 
213 367 
213 247 
213 229 
213 402 
213 398 
213 311 
214 428 
214 382 
214 228 
214 399 
214 376 
214 402 
214 218 
214 288 
214 305 
214 447 
214 338 
214 266 
214 247 
214 393 
214 328 
214 279 
214 331 
214 372 
214 360 
214 356 
214 322 
214 363 
214 449 
214 310 
214 351 
214 437 
214 298 
214 443 
214 270 
214 232 
214 415 
214 392 
214 358 
214 425 
214 431 
214 292 
214 333 
214 344 
214 325 
215 294 
215 301 
215 282 
215 449 
215 220 
215 257 
215 362 
215 399 
215 218 
215 402 
215 398 
215 442 
215 363 
215 269 
215 250 
215 306 
215 227 
216 359 
216 242 
216 328 
216 433 
216 254 
216 250 
216 395 
216 218 
216 249 
216 275 
216 282 
216 319 
216 360 
216 266 
216 332 
216 223 
216 327 
216 338 
216 409 
216 401 
216 370 
217 326 
217 446 
217 363 
217 234 
217 440 
217 405 
217 312 
217 323 
217 300 
217 221 
217 445 
217 366 
217 283 
218 297 
218 254 
218 250 
218 395 
218 305 
218 376 
218 360 
218 288 
218 249 
218 286 
218 417 
218 304 
218 363 
218 362 
218 399 
218 402 
218 380 
218 225 
218 367 
218 393 
218 384 
218 316 
218 394 
218 330 
218 341 
218 322 
218 224 
218 220 
218 257 
219 245 
219 335 
219 360 
219 385 
219 321 
219 242 
219 425 
219 376 
219 293 
219 271 
219 312 
219 345 
220 366 
220 449 
220 402 
220 282 
220 398 
220 253 
220 425 
220 301 
220 342 
220 356 
220 318 
220 329 
220 437 
220 388 
220 384 
220 316 
220 394 
220 330 
220 341 
220 322 
220 224 
220 257 
220 305 
220 286 
220 327 
220 428 
220 236 
220 232 
220 378 
220 276 
220 287 
220 268 
221 285 
221 439 
221 397 
221 319 
221 265 
221 231 
221 347 
221 223 
221 289 
221 420 
221 307 
221 348 
221 344 
221 373 
221 444 
221 335 
221 316 
221 398 
221 364 
221 378 
221 234 
221 440 
221 405 
221 324 
221 425 
221 428 
221 318 
221 419 
221 276 
221 302 
221 312 
221 323 
221 300 
221 445 
221 366 
221 283 
222 271 
222 338 
222 350 
222 339 
222 440 
222 428 
222 379 
222 356 
222 322 
222 273 
222 313 
223 227 
223 279 
223 355 
223 307 
223 265 
223 231 
223 347 
223 321 
223 230 
223 387 
223 249 
223 275 
223 282 
223 319 
223 360 
223 266 
223 332 
224 400 
224 408 
224 316 
224 394 
224 330 
224 341 
224 322 
224 257 
224 384 
224 312 
224 303 
224 392 
224 268 
225 234 
225 251 
225 427 
225 335 
225 297 
225 308 
225 379 
225 262 
225 318 
225 380 
225 367 
225 393 
225 259 
225 273 
225 299 
225 253 
226 282 
226 234 
226 350 
226 372 
226 335 
226 263 
227 411 
227 254 
227 426 
227 275 
227 342 
227 263 
227 402 
227 398 
227 442 
227 363 
227 269 
227 250 
227 237 
227 443 
227 405 
227 318 
227 239 
227 306 
227 403 
228 434 
228 344 
228 360 
228 382 
228 330 
228 251 
228 435 
228 254 
228 430 
228 274 
228 277 
229 338 
229 375 
229 285 
229 412 
229 357 
229 353 
230 429 
230 316 
230 414 
230 309 
230 321 
230 332 
230 387 
231 403 
231 319 
231 307 
231 347 
231 240 
231 356 
231 265 
231 257 
231 433 
231 289 
231 420 
231 314 
231 385 
231 388 
231 437 
231 342 
231 428 
231 349 
231 397 
231 333 
231 280 
231 448 
231 260 
231 436 
231 259 
231 315 
231 427 
232 341 
232 270 
232 392 
232 358 
232 305 
232 286 
232 327 
232 428 
232 236 
232 378 
232 276 
232 287 
232 268 
232 399 
232 395 
232 342 
232 443 
232 304 
232 344 
232 415 
232 261 
232 377 
233 312 
233 301 
233 432 
233 234 
233 260 
233 436 
233 258 
233 284 
233 261 
233 377 
233 343 
234 372 
234 350 
234 323 
234 259 
234 251 
234 427 
234 440 
234 405 
234 260 
234 436 
234 258 
234 284 
234 261 
234 377 
234 343 
236 420 
236 435 
236 412 
236 438 
236 364 
236 284 
236 265 
236 321 
236 242 
236 418 
236 379 
236 315 
236 322 
236 273 
236 299 
236 280 
236 305 
236 286 
236 327 
236 428 
236 378 
236 276 
236 287 
236 268 
237 271 
237 280 
237 321 
237 422 
237 298 
237 429 
237 320 
237 391 
237 284 
237 246 
237 272 
237 279 
237 285 
237 412 
237 339 
237 251 
237 247 
237 303 
237 369 
237 296 
237 277 
237 408 
237 365 
237 263 
237 281 
237 262 
237 351 
237 444 
237 425 
237 286 
237 353 
237 319 
237 360 
237 356 
237 396 
237 328 
237 443 
237 405 
237 318 
237 239 
237 306 
237 403 
238 347 
238 362 
238 239 
238 329 
238 310 
238 440 
238 301 
238 342 
238 262 
238 359 
238 250 
238 396 
238 410 
238 297 
238 335 
238 435 
238 416 
238 277 
238 325 
238 264 
238 267 
238 368 
238 424 
238 311 
238 415 
238 271 
238 431 
238 292 
238 243 
238 269 
238 441 
238 242 
239 415 
239 325 
239 257 
239 290 
239 413 
239 444 
239 425 
239 286 
239 353 
239 319 
239 360 
239 356 
239 396 
239 328 
239 443 
239 405 
239 318 
239 306 
239 403 
240 265 
240 257 
240 433 
240 289 
240 356 
240 412 
240 333 
240 370 
240 377 
241 245 
241 297 
241 308 
241 274 
241 315 
241 416 
241 288 
241 369 
241 365 
241 387 
241 379 
241 412 
241 336 
242 359 
242 328 
242 329 
242 310 
242 440 
242 301 
242 342 
242 284 
242 265 
242 385 
242 321 
242 425 
242 376 
242 293 
242 271 
242 431 
242 292 
242 243 
242 269 
242 441 
242 410 
242 297 
242 398 
242 364 
242 300 
242 401 
242 277 
242 333 
242 426 
242 418 
243 359 
243 420 
243 326 
243 397 
243 274 
243 304 
243 435 
243 416 
243 373 
243 275 
243 252 
243 278 
243 364 
243 300 
243 370 
243 298 
243 271 
243 431 
243 292 
243 269 
243 441 
243 440 
243 402 
243 398 
243 266 
243 449 
243 310 
243 392 
243 268 
244 300 
244 348 
244 281 
244 333 
244 286 
244 417 
244 295 
244 418 
244 354 
244 275 
244 372 
244 368 
244 416 
244 374 
244 430 
244 351 
244 257 
245 324 
245 421 
245 331 
245 282 
246 269 
246 284 
246 274 
246 315 
246 416 
246 434 
246 272 
246 268 
246 440 
246 357 
246 263 
246 259 
246 386 
246 258 
246 295 
247 339 
247 286 
247 303 
247 414 
247 331 
247 364 
247 251 
247 305 
247 447 
247 338 
247 360 
247 266 
247 328 
247 410 
247 376 
247 402 
247 308 
247 255 
247 371 
247 393 
247 340 
247 343 
248 447 
248 309 
248 320 
248 391 
248 327 
248 334 
248 416 
248 374 
248 426 
248 407 
248 373 
249 298 
249 403 
249 345 
249 286 
249 417 
249 304 
249 322 
249 363 
249 275 
249 282 
249 319 
249 360 
249 266 
249 332 
249 365 
249 331 
249 269 
249 287 
250 437 
250 298 
250 302 
250 373 
250 254 
250 395 
250 257 
250 287 
250 268 
250 399 
250 305 
250 413 
250 396 
250 410 
250 297 
250 402 
250 398 
250 442 
250 363 
250 269 
250 306 
251 274 
251 330 
251 259 
251 427 
251 264 
251 290 
251 361 
251 413 
251 337 
251 378 
251 339 
251 286 
251 303 
251 414 
251 331 
251 364 
252 301 
252 366 
252 362 
252 328 
252 279 
252 275 
252 278 
252 364 
252 300 
252 370 
252 298 
252 260 
252 368 
252 296 
252 329 
252 358 
253 399 
253 345 
253 356 
253 337 
253 340 
253 259 
253 273 
253 299 
253 384 
253 282 
253 398 
254 348 
254 340 
254 313 
254 435 
254 430 
254 395 
254 426 
254 275 
254 342 
254 263 
255 281 
255 409 
255 304 
255 303 
255 265 
255 283 
255 410 
255 376 
255 402 
255 308 
255 371 
255 393 
255 340 
255 343 
256 380 
256 402 
256 275 
256 399 
256 312 
256 413 
256 311 
256 292 
256 423 
256 314 
256 295 
256 287 
256 448 
257 343 
257 289 
257 356 
257 265 
257 433 
257 325 
257 290 
257 413 
257 398 
257 354 
257 275 
257 372 
257 368 
257 416 
257 374 
257 430 
257 351 
257 384 
257 316 
257 394 
257 330 
257 341 
257 322 
258 412 
258 281 
258 440 
258 357 
258 263 
258 259 
258 386 
258 295 
258 260 
258 436 
258 284 
258 261 
258 377 
258 343 
259 405 
259 383 
259 273 
259 299 
259 260 
259 436 
259 315 
259 427 
259 440 
259 357 
259 263 
259 386 
259 295 
260 339 
260 267 
260 278 
260 437 
260 342 
260 428 
260 315 
260 427 
260 436 
260 284 
260 261 
260 377 
260 343 
260 368 
260 296 
260 329 
260 358 
261 404 
261 358 
261 374 
261 430 
261 287 
261 299 
261 418 
261 264 
261 391 
261 436 
261 284 
261 343 
261 399 
261 395 
261 342 
261 443 
261 304 
261 344 
261 415 
261 377 
262 386 
262 289 
262 330 
262 304 
262 435 
262 366 
262 373 
262 335 
262 297 
262 308 
262 379 
262 318 
262 359 
262 396 
262 365 
262 263 
262 281 
262 351 
263 424 
263 324 
263 335 
263 426 
263 275 
263 342 
263 440 
263 357 
263 386 
263 295 
263 365 
263 281 
263 351 
264 380 
264 365 
264 417 
264 387 
264 290 
264 361 
264 413 
264 337 
264 378 
264 299 
264 418 
264 391 
264 267 
264 368 
264 424 
264 311 
264 415 
265 389 
265 319 
265 307 
265 347 
265 289 
265 356 
265 433 
265 364 
265 284 
265 321 
265 418 
265 281 
265 367 
265 304 
265 303 
265 283 
266 409 
266 334 
266 442 
266 345 
266 305 
266 447 
266 338 
266 393 
266 328 
266 275 
266 282 
266 319 
266 360 
266 332 
266 440 
266 402 
266 398 
266 449 
266 310 
266 392 
266 268 
267 316 
267 421 
267 339 
267 278 
267 368 
267 424 
267 311 
267 415 
267 436 
267 285 
267 382 
267 340 
267 358 
268 324 
268 269 
268 399 
268 413 
268 274 
268 315 
268 416 
268 434 
268 295 
268 272 
268 440 
268 402 
268 398 
268 449 
268 310 
268 384 
268 312 
268 303 
268 392 
268 305 
268 286 
268 327 
268 428 
268 378 
268 276 
268 287 
269 430 
269 445 
269 302 
269 328 
269 399 
269 413 
269 416 
269 373 
269 402 
269 398 
269 442 
269 363 
269 306 
269 271 
269 431 
269 292 
269 441 
269 294 
269 305 
269 334 
269 375 
269 412 
269 348 
269 355 
269 365 
269 331 
269 287 
270 439 
270 319 
270 296 
270 367 
270 443 
270 415 
270 392 
270 358 
271 299 
271 407 
271 360 
271 312 
271 345 
271 431 
271 292 
271 441 
272 343 
272 351 
272 284 
272 274 
272 315 
272 416 
272 434 
272 295 
273 284 
273 442 
273 416 
273 315 
273 280 
273 299 
273 339 
273 440 
273 428 
273 379 
273 356 
273 322 
273 313 
274 293 
274 398 
274 292 
274 330 
274 277 
274 434 
274 295 
274 315 
274 416 
274 288 
275 426 
275 342 
275 354 
275 372 
275 368 
275 416 
275 374 
275 430 
275 351 
275 278 
275 364 
275 300 
275 370 
275 298 
275 282 
275 319 
275 360 
275 332 
276 392 
276 324 
276 425 
276 300 
276 318 
276 419 
276 302 
276 305 
276 286 
276 327 
276 428 
276 378 
276 287 
277 369 
277 365 
277 296 
277 408 
277 335 
277 435 
277 416 
277 325 
277 410 
277 297 
277 398 
277 364 
277 300 
277 401 
277 333 
277 426 
277 418 
278 372 
278 339 
278 436 
278 419 
278 396 
278 433 
278 421 
278 357 
278 364 
278 300 
278 370 
278 298 
279 290 
279 343 
279 368 
279 443 
279 285 
279 412 
279 404 
279 370 
279 396 
279 392 
279 448 
279 366 
279 362 
279 328 
279 331 
279 372 
279 360 
279 356 
279 322 
279 363 
279 449 
279 310 
279 351 
279 437 
279 298 
280 336 
280 321 
280 422 
280 298 
280 429 
280 320 
280 391 
280 353 
280 379 
280 315 
280 322 
280 299 
280 349 
280 397 
280 333 
280 448 
281 442 
281 352 
281 378 
281 333 
281 367 
281 303 
281 289 
281 348 
281 449 
281 400 
281 336 
281 373 
281 364 
281 434 
281 287 
281 365 
281 351 
282 293 
282 331 
282 384 
282 398 
282 319 
282 360 
282 332 
283 407 
283 414 
283 422 
283 389 
283 304 
283 303 
283 312 
283 323 
283 300 
283 445 
283 366 
284 445 
284 358 
284 364 
284 321 
284 418 
284 355 
284 436 
284 377 
284 343 
285 443 
285 412 
285 436 
285 382 
285 340 
285 358 
286 309 
286 410 
286 383 
286 339 
286 303 
286 304 
286 322 
286 363 
286 417 
286 295 
286 418 
286 444 
286 425 
286 353 
286 319 
286 360 
286 356 
286 318 
286 396 
286 328 
286 305 
286 327 
286 428 
286 378 
286 287 
287 404 
287 358 
287 374 
287 430 
287 364 
287 434 
287 399 
287 312 
287 413 
287 311 
287 292 
287 423 
287 314 
287 295 
287 448 
287 305 
287 327 
287 428 
287 378 
287 365 
287 331 
288 389 
288 299 
288 399 
288 305 
288 376 
288 402 
288 360 
288 315 
288 416 
289 330 
289 433 
289 427 
289 314 
289 385 
289 437 
289 388 
289 420 
289 307 
289 344 
289 348 
289 449 
289 400 
289 336 
289 373 
289 356 
289 412 
289 333 
289 370 
289 377 
290 361 
290 337 
290 378 
290 325 
290 413 
291 302 
291 374 
291 340 
292 305 
292 342 
292 428 
292 416 
292 373 
292 399 
292 312 
292 413 
292 311 
292 423 
292 314 
292 295 
292 448 
292 441 
292 425 
292 431 
292 333 
292 344 
292 325 
293 387 
293 384 
293 380 
293 399 
293 395 
293 333 
293 385 
293 321 
293 425 
293 376 
294 343 
294 358 
294 395 
294 305 
294 334 
294 375 
294 412 
294 348 
294 355 
295 426 
295 336 
295 315 
295 416 
295 434 
295 399 
295 312 
295 413 
295 311 
295 423 
295 314 
295 448 
295 417 
295 418 
295 440 
295 357 
295 386 
296 319 
296 424 
296 367 
296 369 
296 365 
296 408 
296 368 
296 329 
296 358 
297 361 
297 425 
297 335 
297 308 
297 379 
297 318 
297 396 
297 410 
297 398 
297 364 
297 300 
297 401 
297 333 
297 426 
297 418 
298 321 
298 422 
298 429 
298 320 
298 391 
298 353 
298 364 
298 300 
298 370 
298 331 
298 372 
298 360 
298 356 
298 322 
298 363 
298 449 
298 310 
298 351 
298 437 
299 407 
299 379 
299 315 
299 322 
299 418 
299 391 
300 349 
300 311 
300 442 
300 444 
300 335 
300 316 
300 378 
300 411 
300 317 
300 370 
300 324 
300 425 
300 428 
300 318 
300 419 
300 302 
300 410 
300 398 
300 364 
300 401 
300 333 
300 426 
300 418 
300 312 
300 323 
300 445 
300 366 
301 323 
301 432 
301 310 
301 441 
301 440 
301 425 
301 342 
301 428 
301 356 
301 318 
301 329 
301 437 
301 388 
302 314 
302 396 
302 373 
302 324 
302 425 
302 428 
302 318 
302 419 
303 339 
303 367 
303 304 
303 384 
303 312 
303 392 
304 323 
304 435 
304 366 
304 373 
304 417 
304 322 
304 363 
304 399 
304 395 
304 342 
304 443 
304 344 
304 415 
304 377 
305 342 
305 311 
305 376 
305 402 
305 399 
305 413 
305 447 
305 338 
305 360 
305 393 
305 328 
305 334 
305 375 
305 412 
305 348 
305 355 
305 327 
305 428 
305 378 
306 407 
306 434 
306 317 
306 402 
306 398 
306 442 
306 363 
306 443 
306 405 
306 318 
306 403 
307 438 
307 326 
307 446 
307 319 
307 347 
307 420 
307 348 
307 344 
307 373 
308 335 
308 379 
308 318 
308 410 
308 376 
308 402 
308 371 
308 393 
308 340 
308 343 
309 410 
309 383 
309 320 
309 391 
309 327 
309 334 
309 416 
309 374 
309 426 
309 407 
309 373 
310 344 
310 329 
310 441 
310 342 
310 331 
310 372 
310 360 
310 356 
310 322 
310 363 
310 351 
310 437 
310 440 
310 402 
310 398 
310 449 
310 392 
311 382 
311 420 
311 405 
311 402 
311 398 
311 342 
311 428 
311 399 
311 312 
311 413 
311 423 
311 314 
311 448 
311 368 
311 424 
311 415 
312 376 
312 322 
312 345 
312 364 
312 401 
312 411 
312 317 
312 399 
312 413 
312 423 
312 314 
312 448 
312 384 
312 392 
312 323 
312 445 
312 366 
313 347 
313 340 
313 339 
313 440 
313 428 
313 379 
313 356 
313 322 
314 408 
314 373 
314 426 
314 336 
314 420 
314 427 
314 385 
314 437 
314 388 
314 399 
314 413 
314 423 
314 448 
315 363 
315 379 
315 322 
315 434 
315 416 
315 436 
315 427 
316 447 
316 357 
316 444 
316 335 
316 398 
316 364 
316 378 
316 384 
316 394 
316 330 
316 341 
316 322 
317 404 
317 434 
317 364 
317 401 
317 411 
318 335 
318 379 
318 342 
318 329 
318 437 
318 388 
318 324 
318 428 
318 419 
318 444 
318 425 
318 353 
318 319 
318 360 
318 356 
318 396 
318 328 
318 443 
318 405 
318 403 
319 338 
319 367 
319 442 
319 431 
319 347 
319 332 
319 444 
319 425 
319 353 
319 360 
319 356 
319 396 
319 328 
320 321 
320 422 
320 429 
320 353 
320 391 
320 327 
320 334 
320 416 
320 374 
320 426 
320 407 
320 373 
321 422 
321 429 
321 391 
321 353 
321 364 
321 418 
321 332 
321 387 
321 385 
321 425 
321 376 
322 417 
322 331 
322 372 
322 360 
322 363 
322 449 
322 351 
322 437 
322 384 
322 394 
322 330 
322 341 
322 339 
322 440 
322 428 
322 379 
322 356 
323 440 
323 432 
323 350 
323 445 
323 366 
324 425 
324 428 
324 419 
325 359 
325 366 
325 413 
325 335 
325 435 
325 416 
325 425 
325 431 
325 333 
325 344 
326 435 
326 420 
326 397 
327 391 
327 334 
327 416 
327 374 
327 426 
327 407 
327 373 
327 338 
327 409 
327 401 
327 370 
327 428 
327 378 
328 347 
328 359 
328 366 
328 362 
328 447 
328 338 
328 393 
328 444 
328 425 
328 353 
328 360 
328 356 
328 339 
328 440 
328 398 
328 375 
328 371 
328 333 
328 434 
328 396 
329 332 
329 441 
329 440 
329 425 
329 342 
329 428 
329 356 
329 437 
329 388 
329 368 
329 358 
330 384 
330 394 
330 341 
331 350 
331 414 
331 364 
331 372 
331 360 
331 356 
331 363 
331 449 
331 351 
331 437 
331 365 
332 426 
332 387 
332 360 
333 399 
333 395 
333 349 
333 397 
333 448 
333 356 
333 412 
333 370 
333 377 
333 410 
333 364 
333 401 
333 426 
333 418 
333 339 
333 440 
333 398 
333 375 
333 371 
333 434 
333 396 
333 425 
333 431 
333 344 
334 431 
334 446 
334 397 
334 423 
334 442 
334 391 
334 416 
334 374 
334 426 
334 407 
334 373 
334 375 
334 412 
334 348 
334 355 
335 391 
335 339 
335 368 
335 444 
335 398 
335 364 
335 378 
335 379 
335 435 
335 416 
336 422 
336 437 
336 448 
336 348 
336 449 
336 400 
336 373 
336 369 
336 365 
336 387 
336 379 
336 412 
337 371 
337 345 
337 356 
337 340 
337 361 
337 413 
337 378 
338 394 
338 447 
338 360 
338 393 
338 409 
338 401 
338 370 
339 436 
339 377 
339 350 
339 428 
339 379 
339 356 
339 440 
339 398 
339 375 
339 371 
339 434 
339 396 
340 366 
340 359 
340 381 
340 374 
340 345 
340 356 
340 410 
340 376 
340 402 
340 371 
340 393 
340 343 
340 436 
340 382 
340 358 
341 435 
341 412 
341 384 
341 394 
342 441 
342 440 
342 426 
342 425 
342 428 
342 356 
342 437 
342 388 
342 399 
342 395 
342 443 
342 344 
342 415 
342 377 
343 410 
343 376 
343 402 
343 371 
343 393 
343 436 
343 377 
344 420 
344 348 
344 373 
344 399 
344 395 
344 443 
344 415 
344 377 
344 425 
344 431 
345 446 
345 424 
345 409 
345 442 
345 356 
347 351 
347 403 
348 427 
348 359 
348 420 
348 449 
348 400 
348 373 
348 375 
348 412 
348 355 
349 383 
349 375 
349 397 
349 448 
350 372 
350 428 
350 354 
350 377 
351 415 
351 362 
351 354 
351 368 
351 416 
351 374 
351 430 
351 372 
351 360 
351 356 
351 363 
351 449 
351 437 
351 365 
352 393 
352 378 
353 409 
353 424 
353 422 
353 429 
353 391 
353 357 
353 444 
353 425 
353 360 
353 356 
353 396 
354 433 
354 440 
354 391 
354 372 
354 368 
354 416 
354 374 
354 430 
355 389 
355 381 
355 358 
355 375 
355 412 
356 433 
356 412 
356 370 
356 377 
356 388 
356 372 
356 363 
356 449 
356 437 
356 444 
356 425 
356 360 
356 396 
356 440 
356 428 
356 379 
357 443 
357 419 
357 370 
357 396 
357 433 
357 421 
357 440 
357 386 
358 404 
358 359 
358 396 
358 443 
358 415 
358 392 
358 436 
358 382 
358 368 
359 415 
359 392 
359 396 
360 446 
360 382 
360 399 
360 376 
360 402 
360 447 
360 393 
360 372 
360 363 
360 449 
360 437 
360 444 
360 425 
360 396 
361 395 
361 414 
361 368 
361 413 
361 378 
362 418 
362 366 
362 399 
362 402 
363 379 
363 416 
363 417 
363 372 
363 449 
363 437 
363 402 
363 398 
363 442 
364 414 
364 434 
364 444 
364 378 
364 411 
364 370 
364 410 
364 398 
364 401 
364 426 
364 418 
365 421 
365 417 
365 408 
365 369 
365 387 
365 379 
365 412 
366 430 
366 435 
366 373 
366 445 
367 424 
367 420 
367 401 
367 445 
367 380 
367 393 
368 414 
368 372 
368 416 
368 374 
368 430 
368 424 
368 415 
369 408 
369 387 
369 379 
369 412 
370 419 
370 433 
370 421 
370 404 
370 396 
370 392 
370 448 
370 412 
370 377 
370 409 
370 401 
371 427 
371 423 
371 410 
371 376 
371 402 
371 393 
371 440 
371 398 
371 375 
371 434 
371 396 
372 416 
372 374 
372 430 
372 449 
372 437 
373 399 
373 396 
373 435 
373 420 
373 449 
373 400 
373 391 
373 416 
373 374 
373 426 
373 407 
374 391 
374 426 
374 407 
374 416 
374 430 
375 423 
375 412 
375 440 
375 398 
375 434 
375 396 
376 399 
376 385 
376 425 
376 410 
376 402 
376 393 
377 433 
377 381 
377 412 
377 436 
377 399 
377 395 
377 443 
377 415 
378 413 
378 444 
378 398 
378 428 
379 405 
379 413 
379 416 
379 387 
379 412 
379 440 
379 428 
380 432 
380 384 
380 393 
382 416 
382 436 
383 387 
383 439 
383 391 
383 410 
384 398 
384 394 
384 392 
385 434 
385 420 
385 427 
385 437 
385 388 
385 425 
386 442 
386 440 
387 412 
388 419 
388 420 
388 427 
388 425 
388 428 
388 437 
391 440 
391 422 
391 429 
391 418 
391 416 
391 426 
391 407 
392 404 
392 396 
392 448 
392 443 
392 415 
392 440 
392 402 
392 398 
392 449 
393 447 
393 410 
393 402 
394 420 
395 399 
395 443 
395 415 
396 419 
396 433 
396 418 
396 421 
396 432 
396 413 
396 404 
396 448 
396 410 
396 444 
396 425 
396 440 
396 398 
396 434 
397 431 
397 439 
397 420 
397 446 
397 423 
397 448 
398 444 
398 442 
398 402 
398 449 
398 410 
398 401 
398 426 
398 418 
398 440 
398 434 
399 428 
399 402 
399 413 
399 423 
399 448 
399 443 
399 415 
400 426 
400 434 
400 449 
401 405 
401 420 
401 445 
401 411 
401 409 
401 410 
401 426 
401 418 
402 410 
402 442 
402 440 
402 449 
403 443 
403 405 
404 423 
404 448 
405 440 
405 443 
406 432 
407 411 
407 416 
407 426 
409 435 
409 442 
410 426 
410 418 
412 435 
412 438 
412 443 
413 417 
413 418 
413 421 
413 432 
413 423 
413 448 
414 421 
415 441 
415 424 
415 443 
416 434 
416 426 
416 430 
416 435 
417 418 
418 421 
418 432 
418 426 
419 423 
419 438 
419 437 
419 433 
419 421 
419 425 
419 428 
420 427 
420 437 
420 445 
421 447 
421 433 
421 432 
422 426 
422 429 
423 446 
423 448 
424 435 
424 442 
425 437 
425 428 
425 444 
425 431 
427 437 
427 436 
428 447 
428 429 
428 437 
428 440 
430 441 
430 435 
431 435 
431 441 
432 440 
434 440 
435 438 
437 449 
439 442 
440 441 
440 449 

